243 311 373 517 527 560 747 957
1128 1240 1292 1458 1550 1570 1608 1757 1779 1862 1901
2284 2325 2562 2989
3130 3225 3272 3528 3557 3655 3739 3758 3861 3926 3930
4113 4397 4460 4544 4676 4728 4760 4960
5209 5421 5588 5619 5736 5902
6038 6061 6091 6113 6211 6230 6338 6577 6625 6695 6787 6899
7081 7148 7205 7268 7437 7473 7488 7641 7670 7742
8007 8086 8240 8296 8365 8602 8676 8700 8761 8783
9014 9139 9257 9473 9584 9656 9873 9962
10100 10104 10125 10328 10507 10824
11044 11107 11644 11647 11739 11811 11885
12123 12223 12238 12257 12409 12419 12447 12458 12660 12817 12824 12840 12938 12950
13009 13248 13254 13607 13683 13689 13728 13799 13904 13926
14051 14132 14314 14317 14530 14591 14668 14848 14918
15006 15019 15126 15422 15577 15607 15809 15858
16007 16035 16171 16225 16428 16448 16627 16654 16685 16880
17021 17093 17230 17256 17436 17711 17828 17857 17910 17959 17972 17980 17991
18528 18543 18558 18784 18920 18941
19289 19376 19499 19523 19664 19700 19810 19867
20068 20134 20164 20261 20555 20557 20569 20709 20752 20755 20946
21192 21198 21255 21306 21995
22043 22283 22344 22459 22576 22701 22909
23015 23063 23458 23685 23711 23716 23748 23768 23807 23889 23988 23992
24005 24152 24161 24288 24292 24454 24576 24676 24717 24757 24791 24899 24921
25057 25063 25207 25264 25309 25369 25443 25495 25607 25710 25977
26043 26155 26192 26200 26340 26379 26381 26587 26599 26597 26877 26884 26982
27092 27103 27186 27198 27283 27366 27387 27447 27458 27535 27542